0
0
1001
0.0000 1.0000
1.0000 0.8408
2.0000 0.9488
3.0000 1.3066
4.0000 1.9012
5.0000 2.7231
6.0000 3.8999
7.0000 5.5841
8.0000 7.9962
9.0000 11.4529
10.0000 16.4039
11.0000 23.4918
12.0000 33.6466
13.0000 48.1915
14.0000 69.0287
15.0000 98.8863
16.0000 141.6588
17.0000 202.9198
18.0000 290.7185
19.0000 416.4299
20.0000 596.4593
21.0000 854.4992
22.0000 1224.1539
23.0000 1753.6458
24.0000 2512.1833
25.0000 3598.8138
26.0000 5155.8396
27.0000 7386.4766
28.0000 10582.0430
29.0000 15161.5354
30.0000 21718.8320