0
0
30
0.5000 0.4117
1.5000 1.0850
2.5000 2.0340
3.5000 3.6478
4.5000 6.2610
5.5000 10.7435
6.5000 18.4334
7.5000 31.6274
8.5000 54.2638
9.5000 93.1188
10.5000 159.7750
11.5000 274.1420
12.5000 470.3470
13.5000 807.1120
14.5000 1384.8540
15.5000 2376.3920
16.5000 4077.4780
17.5000 6996.2340
18.5000 12004.5801
19.5000 20598.3398
20.5000 35348.1172
21.5000 60652.7891
22.5000 104070.7656
23.5000 178575.8125
24.5000 306423.0625
25.5000 525757.3750
26.5000 902097.3750
27.5000 1547898.5000
28.5000 2656069.5000
29.5000 4557112.5000