-0.00090486
0.00020705
0.00123832
0.00029671
-0.00177371
-0.00135940
0.00220223
0.00327298
-0.00188599
-0.00599095
0.00000000
0.00894778
0.00421602
-0.01099378
-0.01116855
0.01045121
0.02067730
-0.00520096
-0.03188310
-0.00749658
0.04334322
0.03248872
-0.05330490
-0.08558450
0.06009184
0.31114658
0.43750000
0.31114658
0.06009184
-0.08558450
-0.05330490
0.03248872
0.04334322
-0.00749658
-0.03188310
-0.00520096
0.02067730
0.01045121
-0.01116855
-0.01099378
0.00421602
0.00894778
0.00000000
-0.00599095
-0.00188599
0.00327298
0.00220223
-0.00135940
-0.00177371
0.00029671
0.00123832
0.00020705
-0.00090486
